100080208487000000000000
100019226579000000000000
100019372374000000000000
100051813067000000000000
100053088507000000000000
100022588556000000000000
100022588557  -2  -2  -2
100008125263000000000000
100027604216000000000000
100031204073000000000000
100031967209000000000000
100043400162000000020000
100070504331000000000000
100074188028000000000000
100079483337000000000000
100002886573000000000096
100002923532000000000000
100002993611000700080014
100002995667000000000000
100003007100000000000024
100003045422000000000000
100003101203  -2  -2  -2
100003182274000000000000
100003669644000000000000
100005450223000000000000
100005547097000000000000
100005590228000000000024
100005625267000000000000
100005814896000000000000
100005872766000000000000
100006229374000000000000
100006396031000200020000
100007413295  -1  -1  -1
100007544259000200020014
100007561296000000000024
100007684954000000020138
100007702210000000000000
100008292492000000000000
100008297618000000000000
100008313477000000000000
100008315066  -4  -4  -4
100008373235000000000000
100008408273000000000000
100008700688000000000000
100009531324000000000000
100009532356000000000000
100009870924000000000000
100010002694000200010001
100010008181000000000000
100010033296000400030095
100010121227000000000048
100010141692000000000064
100010166777  -2  -2  -2
100011228171000000000006
100011310253000000000000
100011332178000000000096
100011348533000000000000
100011389742000000000000
100011409713000000000000
100011434694  -2  -2  -2
100011443210000000000000
100011806120000000010010
100012193499000000000000
100012597116000700060036
100013539332000000000096
100013540182000800090080
100013615151000000000000
100013746543000000000000
100013818305000000000000
100013835794000000000000
100013958930000200000000
100014202535000000000000
100014219508000000000000
100014252389000000000000
100014433294000000000000
100014894526  -2  -2  -2
100015256846000000000000
100015324156000900100022
100015438359000000000000
100015611427000000000000
100016075794000000000000
100016550507000000000000
100016580320  -4  -4  -4
100016584080000000020024
100016597837000000000000
100016601210000000000000
100016617247000000000024
100016618771000000000048
100016620460000000000000
100016649533  -2  -2  -2
100016689756000000000119
100016689881  -2  -2  -2
100016719747000000000000
100016728813000000000000
100016731392000000000000
100016765496000000000000
100016768317000000000000
100016787010000000000000
100016802226000000000000
100017084530000000000301
100017099984000000000000
100017137257000000000069
100017146866000000000000
100017175420000000000000
100017182228000000000024
100017310934000000000000
100017330946000000000000
100017651452000000000000
100018003184000000000000
100018201926  -2  -2  -2
100018392437  -2  -2  -2
100019061698000000000000
100019087146000000000000
100019090894000000000192
100019123362000000000000
100019124634000400000000
100019136997000000000000
100019186954000000000048
100019188137000100010098
100019204478000000000000
100019219008000000000000
100019234902000000000000
100019243003000000000000
100019250072000000000000
100019281194000000000000
100019288592  -2  -2  -2
100019295945000000000000
100019302210000000000000
100019314716000000000000
100019318630000000000000
100019321026000000000003
100019338586000000000000
100019339845000000000000
100019352714000000000000
100019381850000000000000
100019406965000000000000
100019420705000000000000
100019439733000000000000
100019449003000000000000
100019449434000000000000
100019467892000000000024
100019474054000000000543
100019474657  -2  -2  -2
100019480036000300010121
100019491574000000000000
100019496479000100000000
100020178322000000000021
100020188751000000000000
100020323340000000000000
100020684700000000000000
100021069803000000000000
100021103679000000000000
100021515685000300050001
100021736790000000000000
100022135804000000000000
100022430273000000000000
100022433362000000000000
100022441101000000000000
100022508832000000000000
100022615702000000000000
100022668194000000000000
100022778116000000000000
100022885230  -2  -2  -2
100023433918000100020000
100023782391000000000000
100024156845000000000000
100025166806000400080059
100028549131000000000000
100028565896000000000000
100029066356000000000000
100029078509000300000072
100029212627000000000043
100029401225000700070041
100030505788000000000000
100030713174000000000000
100030759868000000000000
100030768949000000000000
100031147235000000000000
100031384622000000000000
100031483993000000000096
100031578647000000000000
100031849229000000000000
100031946034000000000000
100031950549000100010008
100031977568000000000000
100031988657000000000000
100032522824000000000000
100032528392000200010000
100032536383000000000000
100032620870000000000000
100032636853000100000000
100032660372000000000024
100032698422000000000000
100032699939000000000000
100032741781000000000214
100032770280000000000000
100033126770000000000000
100033154467001000060122
100033172152000000000000
100034988641000000000000
100034999142000000000000
100035114394000000000000
100035409047000000000000
100035469473000000000000
100035479631000000000000
100036183586  -2  -2  -2
100036302833000000000000
100036560029000000000000
100037006702000000000237
100037008922000100010022
100037245580000000000000
100037320415000600010070
100037728968000000000000
100037860635000000000000
100037921246000000000000
100037941288000000000000
100038221045000000000000
100038230943000000000000
100038601043000700060004
100038863687000600040001
100039521544000000000024
100039672783000000000000
100039686715000000000000
100039687647000000000000
100039691460000000000000
100039762507000000000000
100039777108000000000000
100039784397  -2  -2  -2
100039785692000000000000
100040008550  -2  -2  -2
100040017809000000000000
100040396676000000000000
100040781238000000000025
100041319132000000000000
100041328944000000000000
100041389676000000000000
100041420219000000000000
100041532412000400030005
100041587519000000000000
100041601179000000000000
100041604470000000000000
100041609720000000000000
100041612425000000000000
100041633606000000000000
100041641293000000000000
100041656908000400040029
100041675557000000000000
100041723818000000000000
100041791001000000000072
100042679824000000000000
100042821506000100000000
100042823646000000000000
100042824566000200020027
100042868294000000000000
100042882814000000000000
100042883213000000000000
100042885681000000000000
100042899533000000000000
100043011104000000000000
100043029107000000000000
100043040197000600000000
100043078609000000000000
100043081833000000000283
100043098382000000000000
100043498924000000000000
100043543195000000000000
100043568337000000000000
100043613881000000000000
100043723619000000000000
100043725180000000000000
100043810202000000000000
100043879190000000000000
100045430955000000000000
100045434269000000000000
100045511165  -1  -1  -1
100045541918000000000000
100045756206000000000024
100049609638000000000000
100051561454000000000000
100051566371000000000024
100051578362000200010001
100051594215000000000000
100051601928000000000000
100051641879000000000000
100051649586000300000000
100051660839000000000000
100051725684000000000024
100051740519000000000000
100051764226000000000000
100051764227000000000000
100051796996000000000000
100051844327000000000000
100051874880000000000000
100051931426000000000000
100051943759000000000000
100051960335  -2  -2  -2
100051996087000000000000
100052045138000000000000
100052053721000000000000
100052108184000300010000
100052108784000000000000
100052123694000000000000
100052154075000000000000
100052204818000000000000
100052216037000000000000
100052221734000000000000
100052237143000000000071
100052250591000000000000
100052255980000000000000
100052313250000000000000
100052325638000000000000
100052369171000000000000
100052386159000000000000
100052396104000000000000
100052413237000000000000
100052418488000000000000
100052429587000000000000
100052430243000000000335
100052433456000000000000
100052442877000000000000
100052490370000000000000
100052503075000500060053
100052506210000000000000
100052516622000000000000
100052518704000000000000
100052582007000000000000
100052691739000000000000
100052787798000000000000
100052796702000000000000
100052862280000000000000
100052868962000000000000
100052885411000000000000
100053003006000000000000
100055156371000000000000
100060345618000000000000
100060397774000000000000
100063276593000000000000
100063277370000000000000
100063303744000000000048
100063349161000000000000
100063450973000000000000
100063503238000000000000
100063524605000000000000
100063545902000000000000
100064476657000600010000
100064567578000000000000
100064575616000000000000
100065727917000000000000
100066756731000000000000
100066776914  -1  -1  -1
100066828966000000000000
100066833345000000000000
100066866229  -2  -2  -2
100066949676000000000072
100066988171000700030125
100067005413000000000000
100070061151000000000000
100070070355000000000000
100070081431000000000000
100070108522000000000333
100070114089000100000000
100070161949001500030000
100070193989  -2  -2  -2
100070325963000000000000
100070410636000000000000
100070431348000000000000
100070631124000000000000
100070752799000000010205
100070811117  -2  -2  -2
100070906480000000000000
100071392917000000000000
100071593626000000000000
100071605967000000000000
100071644168000000000000
100071644327000000000000
100071656976000000000000
100071667018000000000000
100071708350000200020028
100071719750001000070007
100071752930000000000000
100071754985000100010016
100071756545  -2  -2  -2
100071767019  -2  -2  -2
100071788755000000000000
100071792041000000000000
100072004724000000000000
100072152559000000000000
100072184525000000000000
100072218084000000000000
100072243961001000140020
100072248756000000000000
100072258660000000000000
100073152407000000000000
100073241477  -2  -2  -2
100076307435000000000000
100077169156000000000000
100077190371000000000000
100078688317000000000000
100079046558000000000048
100079053724000000000000
100079121780000000000000
100079121855000000000000
100079122567000000000000
100079141091000000000000
100079154140000000000000
100079242407000000000000
100079244837002400140038
100079245728000000000000
100079269933  -2  -2  -2
100079277287000000000000
100079285168000000000000
100079293056000000000000
100079299665000000000000
100079309494000000000000
100079312580000000000000
100079321595000000000045
100079326457000000000000
100079327185000000000000
100079329907000000000000
100079340302000000000000
100079350246000000000000
100079357622000000000000
100079368335  -2  -2  -2
100080799729000000000000
