100080208487
100019226579
100019372374
100051813067
100053088507
100022588556
100022588557
100008125263
100027604216
100031204073
100031967209
100043400162
100070504331
100074188028
100079483337
100002886573
100002923532
100002993611
100002995667
100003007100
100003045422
100003101203
100003182274
100003669644
100005450223
100005547097
100005590228
100005625267
100005814896
100005872766
100006229374
100006396031
100007413295
100007544259
100007561296
100007684954
100007702210
100008292492
100008297618
100008313477
100008315066
100008373235
100008408273
100008700688
100009531324
100009532356
100009870924
100010002694
100010008181
100010033296
100010121227
100010141692
100010166777
100011228171
100011310253
100011332178
100011348533
100011389742
100011409713
100011434694
100011443210
100011806120
100012193499
100012597116
100013539332
100013540182
100013615151
100013746543
100013818305
100013835794
100013958930
100014202535
100014219508
100014252389
100014433294
100014894526
100015256846
100015324156
100015438359
100015611427
100016075794
100016550507
100016580320
100016584080
100016597837
100016601210
100016617247
100016618771
100016620460
100016649533
100016689756
100016689881
100016719747
100016728813
100016731392
100016765496
100016768317
100016787010
100016802226
100017084530
100017099984
100017137257
100017146866
100017175420
100017182228
100017310934
100017330946
100017651452
100018003184
100018201926
100018392437
100019061698
100019087146
100019090894
100019123362
100019124634
100019136997
100019186954
100019188137
100019204478
100019219008
100019234902
100019243003
100019250072
100019281194
100019288592
100019295945
100019302210
100019314716
100019318630
100019321026
100019338586
100019339845
100019352714
100019381850
100019406965
100019420705
100019439733
100019449003
100019449434
100019467892
100019474054
100019474657
100019480036
100019491574
100019496479
100020178322
100020188751
100020323340
100020684700
100021069803
100021103679
100021515685
100021736790
100022135804
100022430273
100022433362
100022441101
100022508832
100022615702
100022668194
100022778116
100022885230
100023433918
100023782391
100024156845
100025166806
100028549131
100028565896
100029066356
100029078509
100029212627
100029401225
100030505788
100030713174
100030759868
100030768949
100031147235
100031384622
100031483993
100031578647
100031849229
100031946034
100031950549
100031977568
100031988657
100032522824
100032528392
100032536383
100032620870
100032636853
100032660372
100032698422
100032699939
100032741781
100032770280
100033126770
100033154467
100033172152
100034988641
100034999142
100035114394
100035409047
100035469473
100035479631
100036183586
100036302833
100036560029
100037006702
100037008922
100037245580
100037320415
100037728968
100037860635
100037921246
100037941288
100038221045
100038230943
100038601043
100038863687
100039521544
100039672783
100039686715
100039687647
100039691460
100039762507
100039777108
100039784397
100039785692
100040008550
100040017809
100040396676
100040781238
100041319132
100041328944
100041389676
100041420219
100041532412
100041587519
100041601179
100041604470
100041609720
100041612425
100041633606
100041641293
100041656908
100041675557
100041723818
100041791001
100042679824
100042821506
100042823646
100042824566
100042868294
100042882814
100042883213
100042885681
100042899533
100043011104
100043029107
100043040197
100043078609
100043081833
100043098382
100043498924
100043543195
100043568337
100043613881
100043723619
100043725180
100043810202
100043879190
100045430955
100045434269
100045511165
100045541918
100045756206
100049609638
100051561454
100051566371
100051578362
100051594215
100051601928
100051641879
100051649586
100051660839
100051725684
100051740519
100051764226
100051764227
100051796996
100051844327
100051874880
100051931426
100051943759
100051960335
100051996087
100052045138
100052053721
100052108184
100052108784
100052123694
100052154075
100052204818
100052216037
100052221734
100052237143
100052250591
100052255980
100052313250
100052325638
100052369171
100052386159
100052396104
100052413237
100052418488
100052429587
100052430243
100052433456
100052442877
100052490370
100052503075
100052506210
100052516622
100052518704
100052582007
100052691739
100052787798
100052796702
100052862280
100052868962
100052885411
100053003006
100055156371
100060345618
100060397774
100063276593
100063277370
100063303744
100063349161
100063450973
100063503238
100063524605
100063545902
100064476657
100064567578
100064575616
100065727917
100066756731
100066776914
100066828966
100066833345
100066866229
100066949676
100066988171
100067005413
100070061151
100070070355
100070081431
100070108522
100070114089
100070161949
100070193989
100070325963
100070410636
100070431348
100070631124
100070752799
100070811117
100070906480
100071392917
100071593626
100071605967
100071644168
100071644327
100071656976
100071667018
100071708350
100071719750
100071752930
100071754985
100071756545
100071767019
100071788755
100071792041
100072004724
100072152559
100072184525
100072218084
100072243961
100072248756
100072258660
100073152407
100073241477
100076307435
100077169156
100077190371
100078688317
100079046558
100079053724
100079121780
100079121855
100079122567
100079141091
100079154140
100079242407
100079244837
100079245728
100079269933
100079277287
100079285168
100079293056
100079299665
100079309494
100079312580
100079321595
100079326457
100079327185
100079329907
100079340302
100079350246
100079357622
100079368335
100080799729
